1.50e-01    3.45e-02    
2.03e-01    3.31e-02    
2.45e-01    3.35e-02    
3.08e-01    3.25e-02    
3.55e-01    3.31e-02    
4.10e-01    3.50e-02    
4.10e-01    2.98e-02    
4.60e-01    3.10e-02    
5.10e-01    3.30e-02    
5.55e-01    2.95e-02    
6.00e-01    2.09e-02    
6.00e-01    2.24e-02    
8.00e-01    1.45e-02    
1.00e+00    1.55e-02    
1.20e+00    1.31e-02    
1.38e+00    1.24e-02    
1.77e+00    1.20e-02    
2.18e+00    1.04e-02    
2.55e+00    9.6e-03     
3.32e+00    5.4e-03     
4.03e+00    3.55e-03    
4.80e+00    3.0e-03     
5.50e+00    2.81e-03    
6.20e+00    2.70e-03    
