 0.001  0.00000E+00  1.16748E-13  0.00000E+00  7.33552E-22
    0.002  1.53005E-12  2.33497E-13  7.69086E-20  1.17368E-20
    0.005  3.82512E-12  5.83742E-13  3.00424E-18  4.58470E-19
    0.010  7.65026E-12  1.16748E-12  4.80680E-17  7.33552E-18
    0.020  1.53006E-11  2.33497E-12  7.69093E-16  1.17368E-16
    0.050  3.82534E-11  5.83742E-12  3.00442E-14  4.58470E-15
    0.100  7.65201E-11  1.16748E-11  4.80790E-13  7.33552E-14
    0.200  1.53146E-10  4.64132E-11  7.69798E-12  2.33298E-12
    0.300  2.29986E-10  1.03477E-10  3.90162E-11  1.75545E-11
    0.400  3.07145E-10  1.81888E-10  1.23511E-10  7.31414E-11
    0.500  3.84734E-10  2.80421E-10  3.02169E-10  2.20242E-10
    0.600  4.62860E-10  3.98124E-10  6.28179E-10  5.40321E-10
    0.700  5.41637E-10  5.33955E-10  1.16730E-09  1.15074E-09
    0.800  6.21176E-10  6.87480E-10  1.99832E-09  2.21162E-09
    0.900  7.01595E-10  8.58092E-10  3.21362E-09  3.93044E-09
    1.000  7.83013E-10  1.04605E-09  4.91981E-09  6.57254E-09
    1.100  8.65550E-10  1.24988E-09  7.23853E-09  1.04527E-08
    1.200  9.49335E-10  1.47193E-09  1.03073E-08  1.59813E-08
    1.300  1.03450E-09  1.71046E-09  1.42803E-08  2.36114E-08
    1.400  1.12117E-09  1.96633E-09  1.93301E-08  3.39017E-08
    1.500  1.20949E-09  2.23956E-09  2.56481E-08  4.74915E-08
    1.600  1.29961E-09  2.53099E-09  3.34466E-08  6.51374E-08
    1.700  1.39167E-09  2.84151E-09  4.29600E-08  8.77155E-08
    1.800  1.48585E-09  3.16938E-09  5.44467E-08  1.16137E-07
    1.900  1.58229E-09  3.51720E-09  6.81910E-08  1.51579E-07
    2.000  1.68118E-09  3.88496E-09  8.45054E-08  1.95280E-07
    2.200  1.88704E-09  4.68034E-09  1.26249E-07  3.13131E-07
    2.400  2.10500E-09  5.55986E-09  1.82838E-07  4.82923E-07
    2.600  2.33683E-09  6.52872E-09  2.58064E-07  7.20988E-07
    2.800  2.58450E-09  7.59124E-09  3.56477E-07  1.04705E-06
    3.000  2.85024E-09  8.75179E-09  4.83532E-07  1.48471E-06
    3.200  3.13655E-09  1.00182E-08  6.45777E-07  2.06261E-06
    3.400  3.44631E-09  1.13973E-08  8.51082E-07  2.81461E-06
    3.600  3.78277E-09  1.28978E-08  1.10891E-06  3.78098E-06
    3.800  4.14964E-09  1.45285E-08  1.43068E-06  5.00900E-06
    4.000  4.55121E-09  1.62893E-08  1.83015E-06  6.55030E-06
    4.500  5.74085E-09  2.13721E-08  3.28695E-06  1.22367E-05
    5.000  7.27859E-09  2.75391E-08  5.71659E-06  2.16292E-05
    5.500  9.30220E-09  3.50072E-08  9.72419E-06  3.65953E-05
    6.000  1.19948E-08  4.40538E-08  1.62789E-05  5.97885E-05
    6.500  1.55658E-08  5.49741E-08  2.68591E-05  9.48589E-05
    7.000  2.01482E-08  6.81408E-08  4.34220E-05  1.46853E-04
    7.500  2.54965E-08  8.39964E-08  6.75841E-05  2.22651E-04
    8.000  3.04751E-08  1.03044E-07  9.80381E-05  3.31491E-04
    8.500  3.30046E-08  1.25943E-07  1.27353E-04  4.85970E-04
    9.000  3.16195E-08  1.53351E-07  1.44831E-04  7.02418E-04
    9.500  2.71814E-08  1.86312E-07  1.46427E-04  1.00367E-03
   10.000  2.18252E-08  2.25864E-07  1.37132E-04  1.41915E-03
   10.500  1.70166E-08  2.73396E-07  1.23771E-04  1.98856E-03
   11.000  1.32089E-08  3.30122E-07  1.10465E-04  2.76078E-03
   11.500  1.03381E-08  3.96997E-07  9.87906E-05  3.79368E-03
   12.000  8.20105E-09  4.74280E-07  8.90416E-05  5.14942E-03
   12.500  6.60340E-09  5.60843E-07  8.10359E-05  6.88258E-03
   13.000  5.39509E-09  6.53305E-07  7.44747E-05  9.01832E-03
   13.500  4.46806E-09  7.45160E-07  6.90717E-05  1.15194E-02
   14.000  3.74616E-09  8.26693E-07  6.45878E-05  1.42531E-02
   14.500  3.17585E-09  8.88190E-07  6.08336E-05  1.70133E-02
   15.000  2.71916E-09  9.22017E-07  5.76619E-05  1.95521E-02
   15.500  2.34889E-09  9.26354E-07  5.49588E-05  2.16746E-02
   16.000  2.04524E-09  9.03802E-07  5.26360E-05  2.32602E-02
   16.500  1.79362E-09  8.58439E-07  5.06248E-05  2.42293E-02
   17.000  1.58315E-09  7.95988E-07  4.88708E-05  2.45716E-02
   17.500  1.40558E-09  7.23042E-07  4.73313E-05  2.43477E-02
   18.000  1.25457E-09  6.46453E-07  4.59718E-05  2.36883E-02
   18.500  1.12523E-09  5.71859E-07  4.47647E-05  2.27501E-02
   19.000  1.01371E-09  5.03076E-07  4.36874E-05  2.16808E-02
   19.500  9.16985E-10  4.41840E-07  4.27214E-05  2.05849E-02
   20.000  8.32610E-10  3.88757E-07  4.18516E-05  1.95410E-02
   21.000  6.93457E-10  3.04795E-07  4.03513E-05  1.77356E-02
   22.000  5.84537E-10  2.44166E-07  3.91075E-05  1.63355E-02
   23.000  4.97902E-10  1.99843E-07  3.80634E-05  1.52775E-02
   24.000  4.28020E-10  1.66796E-07  3.71772E-05  1.44877E-02
   25.000  3.70951E-10  1.41555E-07  3.64180E-05  1.38972E-02
   26.000  3.23833E-10  1.21866E-07  3.57619E-05  1.34580E-02

