    0.001  0.00000E+00  2.82824E-09  0.00000E+00  1.02327E-16
    0.002  3.28715E-13  2.82782E-09  1.65230E-20  8.18653E-16
    0.005  8.21787E-13  2.82655E-09  6.45430E-19  1.27932E-14
    0.010  1.64358E-12  2.82442E-09  1.03269E-17  1.02370E-13
    0.020  3.28718E-12  2.82016E-09  1.65231E-16  8.19338E-13
    0.050  8.21834E-12  2.80732E-09  6.45467E-15  1.28200E-11
    0.100  1.64395E-11  2.78570E-09  1.03293E-13  1.02796E-10
    0.200  3.29019E-11  2.74173E-09  1.65383E-12  8.26105E-10
    0.300  4.94100E-11  2.69693E-09  8.38221E-12  2.80061E-09
    0.400  6.59869E-11  2.65150E-09  2.65349E-11  6.66793E-09
    0.500  8.26559E-11  2.60560E-09  6.49178E-11  1.30806E-08
    0.600  9.94406E-11  2.55941E-09  1.34958E-10  2.27023E-08
    0.700  1.16365E-10  2.51312E-09  2.50782E-10  3.62082E-08
    0.800  1.33453E-10  2.46690E-09  4.29317E-10  5.42852E-08
    0.900  1.50730E-10  2.42094E-09  6.90411E-10  7.76333E-08
    1.000  1.68222E-10  2.37542E-09  1.05697E-09  1.06966E-07
    1.100  1.85954E-10  2.33052E-09  1.55512E-09  1.43010E-07
    1.200  2.03954E-10  2.28642E-09  2.21440E-09  1.86512E-07
    1.300  2.22250E-10  2.24332E-09  3.06798E-09  2.38230E-07
    1.400  2.40871E-10  2.20140E-09  4.15287E-09  2.98947E-07
    1.500  2.59846E-10  2.16085E-09  5.51023E-09  3.69464E-07
    1.600  2.79207E-10  2.12187E-09  7.18565E-09  4.50604E-07
    1.700  2.98986E-10  2.08466E-09  9.22950E-09  5.43218E-07
    1.800  3.19218E-10  2.04941E-09  1.16973E-08  6.48184E-07
    1.900  3.39938E-10  2.01633E-09  1.46501E-08  7.66411E-07
    2.000  3.61184E-10  1.98563E-09  1.81551E-08  8.98841E-07
    2.200  4.05410E-10  1.93224E-09  2.71233E-08  1.21027E-06
    2.400  4.52237E-10  1.89099E-09  3.92808E-08  1.59083E-06
    2.600  5.02043E-10  1.86375E-09  5.54423E-08  2.04966E-06
    2.800  5.55253E-10  1.85248E-09  7.65852E-08  2.59685E-06
    3.000  6.12343E-10  1.85925E-09  1.03882E-07  3.24362E-06
    3.200  6.73855E-10  1.88628E-09  1.38738E-07  4.00248E-06
    3.400  7.40403E-10  1.93594E-09  1.82846E-07  4.88756E-06
    3.600  8.12687E-10  2.01075E-09  2.38238E-07  5.91479E-06
    3.800  8.91506E-10  2.11345E-09  3.07366E-07  7.10227E-06
    4.000  9.77779E-10  2.24698E-09  3.93188E-07  8.47060E-06
    4.500  1.23336E-09  3.02858E-09  7.06167E-07  1.28457E-05
    5.000  1.56373E-09  4.32103E-09  1.22815E-06  1.89801E-05
    5.500  1.99848E-09  6.01206E-09  2.08914E-06  2.75426E-05
    6.000  2.57694E-09  8.20278E-09  3.49735E-06  3.94840E-05
    6.500  3.34415E-09  1.10227E-08  5.77040E-06  5.61609E-05
    7.000  4.32862E-09  1.46393E-08  9.32876E-06  7.95145E-05
    7.500  5.47766E-09  1.92725E-08  1.45197E-05  1.12331E-04
    8.000  6.54725E-09  2.52132E-08  2.10624E-05  1.58627E-04
    8.500  7.09068E-09  3.28522E-08  2.73605E-05  2.24221E-04
    9.000  6.79312E-09  4.27198E-08  3.11155E-05  3.17593E-04
    9.500  5.83963E-09  5.55457E-08  3.14584E-05  4.51201E-04
   10.000  4.68891E-09  7.23456E-08  2.94613E-05  6.43477E-04
   10.500  3.65582E-09  9.45500E-08  2.65909E-05  9.21913E-04
   11.000  2.83778E-09  1.24191E-07  2.37322E-05  1.32776E-03
   11.500  2.22104E-09  1.64164E-07  2.12241E-05  1.92303E-03
   12.000  1.76191E-09  2.18570E-07  1.91296E-05  2.80041E-03
   12.500  1.41867E-09  2.93038E-07  1.74097E-05  4.09517E-03
   13.000  1.15908E-09  3.94707E-07  1.60001E-05  5.99341E-03
   13.500  9.59915E-10  5.30831E-07  1.48393E-05  8.71706E-03
   14.000  8.04823E-10  7.03794E-07  1.38760E-05  1.24403E-02
   14.500  6.82297E-10  9.00119E-07  1.30694E-05  1.70791E-02
   15.000  5.84183E-10  1.07836E-06  1.23880E-05  2.20101E-02
   15.500  5.04633E-10  1.17851E-06  1.18073E-05  2.60883E-02
   16.000  4.39397E-10  1.16651E-06  1.13083E-05  2.83111E-02
   16.500  3.85341E-10  1.06439E-06  1.08762E-05  2.85379E-02
   17.000  3.40124E-10  9.22619E-07  1.04994E-05  2.73784E-02
   17.500  3.01973E-10  7.80631E-07  1.01686E-05  2.55773E-02
   18.000  2.69531E-10  6.56482E-07  9.87656E-06  2.36488E-02
   18.500  2.41743E-10  5.54224E-07  9.61722E-06  2.18503E-02
   19.000  2.17786E-10  4.71932E-07  9.38577E-06  2.02760E-02
   19.500  1.97004E-10  4.06040E-07  9.17825E-06  1.89391E-02
   20.000  1.78877E-10  3.53069E-07  8.99136E-06  1.78194E-02
   21.000  1.48982E-10  2.74975E-07  8.66905E-06  1.61105E-02
   22.000  1.25582E-10  2.21551E-07  8.40183E-06  1.49241E-02
   23.000  1.06969E-10  1.83480E-07  8.17751E-06  1.40933E-02
   24.000  9.19554E-11  1.55341E-07  7.98714E-06  1.35057E-02
   25.000  7.96948E-11  1.33883E-07  7.82402E-06  1.31439E-02
   26.000  6.95720E-11  1.17077E-07  7.68306E-06  1.29292E-02

