    0.001  0.00000E+00  1.66866E-08  0.00000E+00  6.03728E-16
    0.002  1.93942E-12  1.66841E-08  9.74857E-20  4.83005E-15
    0.005  4.84854E-12  1.66766E-08  3.80804E-18  7.54801E-14
    0.010  9.69710E-12  1.66641E-08  6.09287E-17  6.03981E-13
    0.020  1.93943E-11  1.66390E-08  9.74866E-16  4.83409E-12
    0.050  4.84882E-11  1.65632E-08  3.80825E-14  7.56377E-11
    0.100  9.69932E-11  1.64356E-08  6.09426E-13  6.06494E-10
    0.200  1.94121E-10  1.61762E-08  9.75759E-12  4.87402E-09
    0.300  2.91519E-10  1.59119E-08  4.94550E-11  1.65236E-08
    0.400  3.89323E-10  1.56438E-08  1.56556E-10  3.93408E-08
    0.500  4.87670E-10  1.53730E-08  3.83015E-10  7.71756E-08
    0.600  5.86700E-10  1.51005E-08  7.96250E-10  1.33944E-07
    0.700  6.86553E-10  1.48274E-08  1.47961E-09  2.13628E-07
    0.800  7.87373E-10  1.45547E-08  2.53297E-09  3.20283E-07
    0.900  8.89309E-10  1.42836E-08  4.07343E-09  4.58036E-07
    1.000  9.92509E-10  1.40150E-08  6.23612E-09  6.31098E-07
    1.100  1.09713E-09  1.37501E-08  9.17521E-09  8.43762E-07
    1.200  1.20333E-09  1.34899E-08  1.30650E-08  1.10042E-06
    1.300  1.31128E-09  1.32356E-08  1.81011E-08  1.40556E-06
    1.400  1.42114E-09  1.29883E-08  2.45019E-08  1.76379E-06
    1.500  1.53309E-09  1.27490E-08  3.25103E-08  2.17984E-06
    1.600  1.64732E-09  1.25190E-08  4.23953E-08  2.65856E-06
    1.700  1.76402E-09  1.22995E-08  5.44541E-08  3.20499E-06
    1.800  1.88339E-09  1.20915E-08  6.90140E-08  3.82429E-06
    1.900  2.00564E-09  1.18964E-08  8.64357E-08  4.52183E-06
    2.000  2.13099E-09  1.17152E-08  1.07115E-07  5.30316E-06
    2.200  2.39192E-09  1.14002E-08  1.60028E-07  7.14060E-06
    2.400  2.66820E-09  1.11569E-08  2.31757E-07  9.38590E-06
    2.600  2.96206E-09  1.09961E-08  3.27110E-07  1.20930E-05
    2.800  3.27599E-09  1.09296E-08  4.51853E-07  1.53214E-05
    3.000  3.61282E-09  1.09696E-08  6.12901E-07  1.91373E-05
    3.200  3.97575E-09  1.11291E-08  8.18556E-07  2.36147E-05
    3.400  4.36838E-09  1.14220E-08  1.07879E-06  2.88366E-05
    3.600  4.79485E-09  1.18634E-08  1.40560E-06  3.48973E-05
    3.800  5.25989E-09  1.24694E-08  1.81346E-06  4.19034E-05
    4.000  5.76889E-09  1.32572E-08  2.31981E-06  4.99766E-05
    4.500  7.27683E-09  1.78686E-08  4.16639E-06  7.57894E-05
    5.000  9.22599E-09  2.54941E-08  7.24608E-06  1.11983E-04
    5.500  1.17910E-08  3.54711E-08  1.23259E-05  1.62501E-04
    6.000  1.52040E-08  4.83964E-08  2.06343E-05  2.32955E-04
    6.500  1.97305E-08  6.50336E-08  3.40454E-05  3.31349E-04
    7.000  2.55389E-08  8.63721E-08  5.50397E-05  4.69136E-04
    7.500  3.23182E-08  1.13708E-07  8.56664E-05  6.62755E-04
    8.000  3.86288E-08  1.48758E-07  1.24268E-04  9.35901E-04
    8.500  4.18350E-08  1.93828E-07  1.61427E-04  1.32290E-03
    9.000  4.00794E-08  2.52047E-07  1.83581E-04  1.87380E-03
    9.500  3.44538E-08  3.27719E-07  1.85604E-04  2.66209E-03
   10.000  2.76646E-08  4.26839E-07  1.73822E-04  3.79652E-03
   10.500  2.15694E-08  5.57845E-07  1.56886E-04  5.43929E-03
   11.000  1.67429E-08  7.32725E-07  1.40020E-04  7.83376E-03
   11.500  1.31041E-08  9.68569E-07  1.25222E-04  1.13459E-02
   12.000  1.03953E-08  1.28956E-06  1.12865E-04  1.65224E-02
   12.500  8.37015E-09  1.72892E-06  1.02717E-04  2.41615E-02
   13.000  6.83856E-09  2.32877E-06  9.44006E-05  3.53611E-02
   13.500  5.66350E-09  3.13191E-06  8.75520E-05  5.14307E-02
   14.000  4.74845E-09  4.15239E-06  8.18684E-05  7.33977E-02
   14.500  4.02555E-09  5.31070E-06  7.71097E-05  1.00767E-01
   15.000  3.44668E-09  6.36231E-06  7.30894E-05  1.29860E-01
   15.500  2.97734E-09  6.95319E-06  6.96631E-05  1.53921E-01
   16.000  2.59244E-09  6.88241E-06  6.67189E-05  1.67035E-01
   16.500  2.27351E-09  6.27988E-06  6.41695E-05  1.68374E-01
   17.000  2.00673E-09  5.44345E-06  6.19463E-05  1.61532E-01
   17.500  1.78164E-09  4.60573E-06  5.99949E-05  1.50906E-01
   18.000  1.59023E-09  3.87324E-06  5.82717E-05  1.39528E-01
   18.500  1.42629E-09  3.26992E-06  5.67416E-05  1.28917E-01
   19.000  1.28494E-09  2.78440E-06  5.53761E-05  1.19628E-01
   19.500  1.16233E-09  2.39564E-06  5.41517E-05  1.11741E-01
   20.000  1.05538E-09  2.08311E-06  5.30490E-05  1.05134E-01
   21.000  8.78993E-10  1.62235E-06  5.11474E-05  9.50518E-02
   22.000  7.40931E-10  1.30715E-06  4.95708E-05  8.80522E-02
   23.000  6.31116E-10  1.08253E-06  4.82473E-05  8.31503E-02
   24.000  5.42537E-10  9.16512E-07  4.71241E-05  7.96839E-02
   25.000  4.70199E-10  7.89907E-07  4.61617E-05  7.75489E-02
   26.000  4.10475E-10  6.90755E-07  4.53300E-05  7.62823E-02
